Y  182  1.0  100.0   50  10 
Y  182  1.0  16.67   50  10 
Y  182  1.0  9.09   50  10 
Y  182  1.0  6.25   50  10 
Y  182  1.0  4.76   50  10 
Y  182  1.0  3.85   50  10 
Y  182  1.0  3.23   50  10 
Y  182  1.0  2.78   50  10 
Y  182  1.0  2.44   50  10 
Y  182  1.0  2.17   50  10 
Y  182  1.0  1.96   50  10 
Y  182  1.0  1.79   50  10 
Y  182  1.0  1.64   50  10 
Y  182  1.0  1.52   50  10 
Y  182  1.0  1.41   50  10 
Y  182  1.0  1.32   50  10 
Y  182  1.0  1.23   50  10 
Y  182  1.0  1.16   50  10 
Y  182  1.0  1.1   50  10 
Y  182  1.0  1.04   50  10 
Y  182  1.0  0.99   50  10 
Y  182  1.0  0.94   50  10 
Y  182  1.0  0.9   50  10 
Y  182  1.0  0.86   50  10 
Y  182  1.0  0.83   50  10 
Y  182  1.0  0.79   50  10 
Y  182  1.0  0.76   50  10 
Y  182  1.0  0.74   50  10 
Y  182  1.0  0.71   50  10 
Y  182  1.0  0.68   50  10 
Y  182  1.0  0.66   50  10 
Y  182  1.0  0.64   50  10 
Y  182  1.0  0.62   50  10 
Y  182  1.0  0.6   50  10 
Y  182  1.0  0.58   50  10 
Y  182  1.0  0.57   50  10 
Y  182  1.0  0.55   50  10 
Y  182  1.0  0.54   50  10 
Y  182  1.0  0.52   50  10 
Y  182  1.0  0.51   50  10 
Y  182  1.0  0.5   50  10 
stop
Run N_R alpha_R  Beta_R  NSW_R NB_R
Name=(Run N_R alpha_R  Beta_R  NSW_R NB_R)
